103 6
104 6
105 6
106 6
106 7
106 8
106 9
106 10
106 11
106 12
106 13
106 14
106 15
106 16
106 17
106 18
106 19
106 20
106 21
106 22
106 23
106 24
106 25
106 26
106 27
106 28
106 29
106 30
106 31
106 32
106 33
106 34
106 35
106 36
106 37
106 38
106 39
106 40
106 41
106 42
106 43
106 44
106 45
106 46
106 47
106 48
106 49
106 50
106 51
106 52
106 53
106 54
106 55
106 56
106 57
106 58
106 59
106 60
106 61
106 62
106 63
106 64
106 65
106 66
106 67
106 68
106 69
106 70
106 71
106 72
106 73
106 74
106 75
106 76
106 77
106 78
106 79
106 80
106 81
106 82
106 83
106 84
106 85
106 86
106 87
106 88
106 89
106 90
106 91
106 92
106 93
106 94
106 95
106 96
106 97
107 97
108 97
109 97
110 97
111 97
112 97
113 97
114 97
115 97
116 97
117 97
118 97
119 97
120 97
121 97
122 97
123 97
124 97
125 97
126 97
127 97
128 97
129 97
130 97
131 97
132 97
133 97
134 97
135 97
136 97
137 97
138 97
139 97
140 97
141 97
142 97
143 97
144 97
145 97
146 97
147 97
148 97
149 97
150 97
151 97
152 97
153 97
154 97
155 97
156 97
157 97
158 97
159 97
160 97
161 97
162 97
163 97
164 97
165 97
166 97
167 97
168 97
169 97
170 97
171 97
172 97
173 97
174 97
175 97
176 97
177 97
178 97
179 97
180 97
181 97
182 97
183 97
184 97
185 97
186 97
187 97
188 97
189 97
190 97
191 97
192 97
193 97
194 97
195 97
196 97
197 97
198 97
199 97
200 97
201 97
202 97
203 97
204 97
205 97
206 97
207 97
208 97
209 97
210 97
211 97
212 97
213 97
214 97
215 97
216 97
217 97
218 97
219 97
220 97
221 97
222 97
223 97
224 97
225 97
226 97
227 97
228 97
229 97
230 97
231 97
232 97
233 97
234 97
235 97
236 97
237 97
238 97
239 97
240 97
241 97
242 97
243 97
244 97
245 97
246 97
247 97
248 97
249 97
250 97
251 97
252 97
253 97
254 97
255 97
256 97
257 97
258 97
259 97
260 97
261 97
262 97
263 97
264 97
265 97
266 97
267 97
268 97
269 97
270 97
271 97
272 97
273 97
274 97
275 97
276 97
277 97
278 97
279 97
280 97
281 97
282 97
283 97
284 97
285 97
286 97
287 97
288 97
289 97
290 97
291 97
292 97
293 97
294 97
295 97
296 97
297 97
298 97
298 98
299 98
300 98
301 98
302 98
303 98
304 98
305 98
306 98
307 98
308 98
309 98
310 98
311 98
312 98
313 98
314 98
315 98
316 98
317 98
318 98
318 99
319 99
319 100
319 101
319 102
319 103
319 104
319 105
319 106
319 107
319 108
319 109
319 110
319 111
319 112
319 113
319 114
319 115
319 116
319 117
319 118
319 119
320 119
320 120
320 121
320 122
320 123
320 124
320 125
320 126
320 127
320 128
320 129
320 130
320 131
320 132
320 133
320 134
320 135
320 136
320 137
320 138
320 139
320 140
320 141
320 142
320 143
320 144
320 145
320 146
320 147
320 148
320 149
320 150
320 151
320 152
320 153
320 154
320 155
320 156
320 157
320 158
320 159
320 160
320 161
320 162
320 163
320 164
320 165
320 166
320 167
320 168
320 169
320 170
320 171
320 172
320 173
320 174
320 175
320 176
320 177
320 178
320 179
320 180
320 181
320 182
320 183
320 184
320 185
320 186
320 187
320 188
320 189
320 190
320 191
320 192
320 193
320 194
320 195
320 196
320 197
321 197
322 197
323 197
324 197
325 197
326 197
327 197
328 197
329 197
330 197
331 197
332 197
333 197
334 197
335 197
336 197
337 197
338 197
339 197
340 197
341 197
342 197
343 197
344 197
345 197
346 197
347 197
348 197
349 197
350 197
351 197
352 197
353 197
354 197
355 197
356 197
357 197
358 197
359 197
360 197
361 197
362 197
363 197
364 197
365 197
366 197
367 197
368 197
369 197
370 197
371 197
372 197
373 197
374 197
375 197
376 197
377 197
378 197
379 197
380 197
381 197
382 197
383 197
384 197
385 197
386 197
387 197
388 197
389 197
390 197
391 197
392 197
393 197
394 197
395 197
396 197
397 197
398 197
398 198
399 198
399 199
400 199
400 200
401 200
401 201